315.6 319.2 303.8  
318.8 309.2 321.4  
311.2 312.1 342.9 
322.0 321.1 329.1
315.2 327.4 300.6
310.3 319.8 338.5
320.6 315.9 318.3
322.2 303.6 323.4
329.1 306.7 312.4
322.4 318.8 299.7
326.2 310.1 338.5
328.8 325.0 322.0
328.8 306.3 305.6
318.7 320.8 310.3
326.7 316.7 327.3
313.4 307.4 329.5
337.3 312.9 324.4 
316.3 314.1 323.0 
327.2 338.2 340.9 
337.8 343.0 337.4 
309.2 321.7 310.5 
314.3 321.6 318.0 
318.9 322.2 333.5 
303.7 326.3 337.1 
319.3 338.8 320.9 
317.0 327.4 312.5 
310.6 318.5 336.7 
319.5 326.0 333.2 
308.6 321.7 306.0 
316.2 321.6 328.5
